-457.65   3.76
-457.52   -27.12
-430.53   -27.21
-423.13   -38.62
-411.93   -38.56
-402.32   -43.98
-385.83   -44.01
-377.62   -48.44
-362.03   -48.71
-347.66   -57.42
-336.47   -57.36
-322.22   -67.83
-312.87   -68.82
-300.77   -76.48
-238.38   -76.95
-237.7   -93.25
-1.84   -94.16
0.42   -95.96
9.92   -96.03
26.8   -91.25
44   -91.69
95.09   -93.14
120.69   -91.57
162.92   -90.64
163.25   -71.4
206.54   -70.95
220.59   -57.8
230.41   -57.8
246.81   -47.37
258.04   -47.84
268.17   -40.18
276.03   -39.82
287.21   -28.12
298.03   -27.82
304.1   -13.4
311.94   -8.4
312   3.02
298.85   3.15
298.94   7.14
290.76   7.54
290.5   2.63
202.21   3.46
202.05   8.58
159.75   9.25
159.81   5.8
105.32   7.43
92.01   9.51
25.26   10.35
21.3   7.67
2.55   7.96
2.12   10.65
-8.47   11.43
-215.65   11.09
-225.43   10.08
-294.95   9.02
-327.18   5.65
-334.69   4.06
-428.67   3.75
-428.62   7.03
-437.86   7.52
-438.93   3.54
-457.65   3.76
